1	414	0.214464	0.223941	0.926753
2	412	0.215797	0.225286	0.92508
3	411	0.216461	0.225958	0.924492
4	410	0.217132	0.226631	0.923333
5	406	0.220472	0.229993	0.920515
6	405	0.221122	0.230666	0.920072
7	403	0.222446	0.232011	0.918939
8	402	0.223698	0.233356	0.918649
9	401	0.224348	0.234028	0.918197
10	400	0.225661	0.235373	0.917687
11	359	0.271547	0.281775	0.881936
12	358	0.272182	0.282448	0.881392
13	357	0.272843	0.28312	0.880686
14	355	0.276163	0.286483	0.879219
15	349	0.280815	0.29119	0.87251
16	347	0.287452	0.297915	0.870954
17	346	0.288067	0.298588	0.870437
18	345	0.288733	0.29926	0.869699
19	344	0.289395	0.299933	0.868997
20	343	0.290623	0.301278	0.868459
21	319	0.320406	0.33154	0.844495
22	318	0.321435	0.332885	0.843988
23	317	0.323432	0.334902	0.842901
24	316	0.324731	0.336247	0.842276
25	315	0.325387	0.33692	0.841402
26	314	0.325946	0.337592	0.840758
27	313	0.326589	0.338265	0.839983
28	312	0.327258	0.338937	0.838888
29	311	0.327927	0.33961	0.83791
30	310	0.32859	0.340282	0.836891
31	306	0.331258	0.342972	0.831384
32	305	0.332595	0.344317	0.830181
33	304	0.333221	0.34499	0.829458
34	302	0.335218	0.347007	0.827644
35	301	0.336553	0.348352	0.826407
36	300	0.350184	0.362475	0.825492
37	286	0.362087	0.37458	0.808008
38	285	0.363079	0.375925	0.807525
39	284	0.364395	0.37727	0.806613
40	283	0.36561	0.378615	0.805963
41	282	0.366278	0.379287	0.805039
42	280	0.369616	0.38265	0.802139
43	279	0.370282	0.383322	0.801131
44	278	0.371598	0.384667	0.801375
45	277	0.372244	0.38534	0.800503
46	276	0.372884	0.386012	0.799538
47	269	0.382844	0.3961	0.789145
48	268	0.38418	0.397445	0.787533
49	266	0.385515	0.39879	0.78514
50	265	0.391336	0.404842	0.784674
51	264	0.395224	0.408877	0.784845
52	263	0.397608	0.411567	0.784953
53	262	0.398944	0.412912	0.78352
54	261	0.400254	0.414257	0.782709
55	260	0.404598	0.418964	0.781892
56	259	0.405744	0.420309	0.780946
57	258	0.407567	0.422327	0.780613
58	257	0.408233	0.422999	0.779484
59	256	0.408894	0.423672	0.778508
60	255	0.409563	0.424344	0.777204
61	254	0.413451	0.428379	0.776837
62	253	0.416023	0.431069	0.776334
63	252	0.418627	0.433759	0.775918
64	251	0.419928	0.435104	0.774895
65	250	0.420311	0.435777	0.7739
66	248	0.424318	0.439812	0.771483
67	244	0.428298	0.443847	0.766729
68	243	0.429619	0.445192	0.766226
69	241	0.435568	0.451244	0.76347
70	236	0.439538	0.455279	0.755867
71	235	0.443146	0.459314	0.755113
72	234	0.446115	0.462677	0.755699
73	233	0.447397	0.464022	0.754317
74	232	0.44992	0.466711	0.753949
75	231	0.453773	0.470746	0.752936
76	230	0.455086	0.472091	0.751565
77	229	0.456376	0.473436	0.75069
78	228	0.460918	0.478144	0.749567
79	227	0.462252	0.479489	0.749198
80	226	0.463587	0.480834	0.74896
81	225	0.464815	0.482179	0.747645
82	224	0.467953	0.485541	0.746744
83	223	0.47049	0.488231	0.746264
84	222	0.472474	0.490249	0.745936
85	221	0.473138	0.490921	0.744571
86	220	0.477527	0.495629	0.745426
87	219	0.478864	0.496974	0.744263
88	218	0.481361	0.499664	0.743993
89	216	0.482688	0.501009	0.741072
90	215	0.485864	0.504371	0.741951
91	214	0.487815	0.506389	0.742085
92	213	0.489132	0.507734	0.740627
93	207	0.495103	0.513786	0.734401
94	206	0.498036	0.517149	0.736502
95	205	0.499968	0.519166	0.73766
96	204	0.502631	0.521856	0.736077
97	203	0.503239	0.522529	0.737255
98	202	0.503898	0.523201	0.735745
99	201	0.505227	0.524546	0.733994
100	200	0.506442	0.525891	0.734527
101	199	0.507104	0.526564	0.733155
102	198	0.509102	0.528581	0.730958
103	196	0.511714	0.531271	0.731462
104	195	0.513663	0.533289	0.730541
105	192	0.516323	0.535978	0.725375
106	191	0.516988	0.536651	0.723373
107	190	0.521466	0.541358	0.723537
108	189	0.52389	0.544048	0.723715
109	188	0.526479	0.547411	0.724936
110	187	0.528408	0.549428	0.724375
111	186	0.530352	0.551446	0.724559
112	185	0.532322	0.553463	0.722721
113	184	0.538109	0.559516	0.721916
114	183	0.538762	0.560188	0.720302
115	182	0.543149	0.566913	0.72282
116	181	0.544728	0.568931	0.721738
117	179	0.54732	0.571621	0.718381
118	176	0.550639	0.574983	0.717295
119	175	0.551902	0.576328	0.718213
120	173	0.553901	0.578346	0.716497
121	172	0.554569	0.579018	0.714544
122	171	0.555708	0.580363	0.714181
123	170	0.557032	0.581708	0.71439
124	169	0.559005	0.583726	0.714898
125	168	0.560334	0.585071	0.71276
126	167	0.565762	0.591123	0.71389
127	166	0.567095	0.592468	0.711551
128	165	0.57037	0.595831	0.709849
129	164	0.572989	0.598521	0.709255
130	163	0.575432	0.60121	0.708619
131	162	0.591389	0.62004	0.707661
132	161	0.59719	0.62811	0.709324
133	160	0.599142	0.6308	0.71153
134	159	0.600442	0.632145	0.70958
135	158	0.60174	0.63349	0.707611
136	157	0.603004	0.634835	0.706969
137	156	0.606659	0.639543	0.707171
138	155	0.618142	0.655683	0.707805
139	154	0.619432	0.657028	0.708909
140	152	0.620747	0.658373	0.704867
141	151	0.623275	0.661735	0.705847
142	150	0.62699	0.666443	0.707529
143	148	0.629652	0.669132	0.702411
144	147	0.632815	0.672495	0.702882
145	145	0.634143	0.67384	0.698239
146	144	0.634768	0.674512	0.698245
147	143	0.635979	0.675857	0.69608
148	140	0.637981	0.677875	0.688207
149	139	0.643079	0.683255	0.688013
150	138	0.645666	0.685945	0.687758
151	137	0.647707	0.688635	0.689693
152	136	0.650191	0.691325	0.691251
153	131	0.655419	0.696705	0.686536
154	130	0.65608	0.697377	0.683974
155	129	0.660144	0.702085	0.686032
156	127	0.661443	0.70343	0.680906
157	126	0.662092	0.704102	0.678285
158	125	0.663405	0.705447	0.679043
159	122	0.667359	0.709482	0.669958
160	121	0.668025	0.710155	0.66685
161	118	0.670705	0.712845	0.655555
162	117	0.671965	0.71419	0.657771
163	116	0.673854	0.716207	0.65926
164	115	0.675704	0.718225	0.659443
165	114	0.676309	0.718897	0.656422
166	113	0.681615	0.725622	0.656753
167	112	0.688676	0.735709	0.65765
168	110	0.706266	0.759919	0.66063
169	109	0.707474	0.761264	0.660416
170	108	0.713028	0.769334	0.663433
171	107	0.714037	0.770679	0.663956
172	103	0.716631	0.773369	0.650526
173	102	0.719118	0.776059	0.649212
174	101	0.721063	0.778077	0.645391
175	99	0.728842	0.786147	0.638222
176	98	0.730159	0.787492	0.634706
177	97	0.732749	0.790182	0.630487
178	96	0.734638	0.792199	0.63045
179	95	0.735309	0.792872	0.623753
180	94	0.736591	0.794217	0.622224
181	91	0.742976	0.803631	0.616642
182	89	0.745474	0.806321	0.607796
183	88	0.747282	0.808339	0.610229
184	82	0.757621	0.821116	0.602494
185	75	0.769072	0.833221	0.569455
186	74	0.770767	0.835239	0.568129
187	73	0.772014	0.836584	0.568997
188	72	0.773611	0.839274	0.573082
189	69	0.780034	0.847344	0.562507
190	66	0.784689	0.852724	0.5472
191	65	0.785073	0.865501	0.552336
192	63	0.789554	0.872226	0.549945
193	62	0.790181	0.872898	0.542599
194	61	0.79056	0.873571	0.535179
195	60	0.792864	0.876261	0.537413
196	56	0.797419	0.880968	0.527345
197	51	0.80101	0.885003	0.490303
198	50	0.798592	0.885676	0.498948
199	49	0.799455	0.887021	0.505751
200	45	0.803036	0.891728	0.487178
201	41	0.805414	0.894418	0.43684
202	39	0.807507	0.897108	0.43318
203	35	0.810623	0.901143	0.386786
204	29	0.814624	0.905178	0.248127
205	28	0.81529	0.905851	0.219714
206	27	0.818114	0.910558	0.214721
207	26	0.8181	0.915266	0.21316
208	25	0.818651	0.915938	0.181609
209	23	0.82036	0.918628	0.153585
210	22	0.818423	0.920646	0.152942
211	21	0.819363	0.921991	0.136312
212	20	0.820898	0.924681	0.12987
213	18	0.82492	0.930061	0.111184
214	17	0.78176	0.937458	0.111432
215	16	0.782774	0.938803	0.100392
216	15	0.777501	0.940148	0.103564
217	14	0.778683	0.941493	0.0938978
218	13	0.772068	0.945528	0.0933968
219	12	0.732004	0.949563	0.0942568
220	11	0.732342	0.950908	0.0870381
221	10	0.728317	0.952253	0.0913755
222	9	0.725993	0.954943	0.0828264
223	8	0.614647	0.960323	0.0870482
224	7	0.46417	0.96772	0.0921039
225	6	0.30992	0.981843	0.0950651
226	5	0.113896	0.99193	0.104779
227	4	0.0839359	0.995965	0.102647
228	3	0.0814305	0.99731	0.0255162
229	2	0.0133502	0.999328	0.0239788
230	1	0	1	0
